1 0.6883333333333334 0.691 0.054 0.05533333333333333
4 0.7513333333333333 0.698 0.06133333333333333 0.05466666666666666
4 0.8633333333333333 0.6896666666666667 0.042666666666666665 0.05266666666666667
6 0.9209999999999999 0.6886666666666666 0.05266666666666667 0.05333333333333333
6 0.6873333333333334 0.888 0.034666666666666665 0.050666666666666665
6 0.7453333333333333 0.8843333333333333 0.04 0.04733333333333333
6 0.7993333333333333 0.8826666666666666 0.03733333333333333 0.04666666666666666
6 0.891 0.8753333333333333 0.03666666666666667 0.042666666666666665
6 0.9473333333333332 0.873 0.050666666666666665 0.048666666666666664
3 0.6916666666666667 0.9516666666666667 0.03666666666666667 0.035333333333333335
4 0.746 0.956 0.048 0.05466666666666666
3 0.8066666666666666 0.9503333333333333 0.03866666666666667 0.041999999999999996
2 0.8956666666666666 0.9466666666666667 0.051333333333333335 0.044
3 0.954 0.945 0.04133333333333333 0.04066666666666666