6 0.6333333333333334 0.11166666666666668 0.12833333333333335 0.09000000000000001
1 0.50375 0.13875 0.12916666666666668 0.08083333333333334
4 0.8391666666666667 0.4629166666666667 0.09666666666666668 0.10083333333333334
2 0.5045833333333334 0.4604166666666667 0.07250000000000001 0.0675
4 0.43583333333333335 0.47625 0.06833333333333334 0.05916666666666667
1 0.25916666666666666 0.6820833333333334 0.09666666666666668 0.08083333333333334
2 0.28208333333333335 0.9579166666666667 0.10083333333333334 0.05416666666666667
5 0.5970833333333334 0.4716666666666667 0.0975 0.08666666666666667
6 0.7050000000000001 0.46125000000000005 0.08333333333333334 0.09083333333333334
2 0.9170833333333334 0.17125 0.04583333333333334 0.03916666666666667
1 0.7520833333333334 0.12125000000000001 0.10583333333333333 0.08083333333333334
2 0.8591666666666667 0.12916666666666668 0.085 0.08833333333333333