6 0.25266666666666665 0.45499999999999996 0.08933333333333333 0.06333333333333332
4 0.16999999999999998 0.45766666666666667 0.048 0.038
4 0.11133333333333333 0.46166666666666667 0.050666666666666665 0.04066666666666666
4 0.058333333333333334 0.4633333333333333 0.04733333333333333 0.036
6 0.42266666666666663 0.164 0.03733333333333333 0.028
6 0.4656666666666667 0.16266666666666665 0.038 0.026666666666666665
3 0.38 0.16433333333333333 0.03866666666666667 0.022
4 0.33799999999999997 0.4363333333333333 0.050666666666666665 0.05266666666666667
2 0.093 0.9066666666666666 0.074 0.058666666666666666
1 0.31866666666666665 0.9066666666666666 0.06933333333333333 0.058666666666666666
1 0.22566666666666665 0.8983333333333333 0.07533333333333334 0.07666666666666666
4 0.42166666666666663 0.42666666666666664 0.049999999999999996 0.042666666666666665