2 0.20666666666666667 0.07133333333333333 0.06799999999999999 0.04666666666666666
4 0.33266666666666667 0.04666666666666666 0.04533333333333333 0.06133333333333333
6 0.417 0.221 0.041999999999999996 0.06733333333333333
1 0.494 0.211 0.050666666666666665 0.07666666666666666
2 0.35933333333333334 0.22966666666666666 0.048 0.066
1 0.5836666666666667 0.23066666666666666 0.041999999999999996 0.05733333333333333
1 0.6763333333333333 0.21433333333333332 0.046 0.07133333333333333
4 0.712 0.4543333333333333 0.076 0.041999999999999996
1 0.6166666666666667 0.48 0.06266666666666666 0.07333333333333333
1 0.7363333333333333 0.427 0.062 0.04066666666666666
1 0.31766666666666665 0.707 0.07133333333333333 0.07266666666666667
2 0.65 0.9263333333333333 0.06799999999999999 0.07266666666666667
1 0.312 0.8119999999999999 0.07333333333333333 0.06