2 0.8983333333333333 0.7873333333333333 0.074 0.05733333333333333
2 0.754 0.597 0.05333333333333333 0.03666666666666667
1 0.8106666666666666 0.596 0.04533333333333333 0.03866666666666667
2 0.9593333333333333 0.5766666666666667 0.05333333333333333 0.04
6 0.8996666666666666 0.5786666666666667 0.05266666666666667 0.04
6 0.95 0.36866666666666664 0.06 0.052
6 0.897 0.374 0.05533333333333333 0.04666666666666666
2 0.894 0.44666666666666666 0.04933333333333333 0.04133333333333333
3 0.8079999999999999 0.4493333333333333 0.05466666666666666 0.042666666666666665
3 0.6903333333333334 0.45299999999999996 0.046 0.038
3 0.953 0.44466666666666665 0.05933333333333333 0.04133333333333333
4 0.864 0.19033333333333333 0.050666666666666665 0.06066666666666667
6 0.9203333333333333 0.187 0.051333333333333335 0.062
4 0.7523333333333333 0.19666666666666666 0.06866666666666667 0.06
1 0.6883333333333334 0.19433333333333333 0.05266666666666667 0.05533333333333333
4 0.7463333333333333 0.45566666666666666 0.054 0.056666666666666664
5 0.977 0.7919999999999999 0.043333333333333335 0.06666666666666667
6 0.7996666666666666 0.7903333333333333 0.05533333333333333 0.057999999999999996
6 0.746 0.38 0.04533333333333333 0.034666666666666665
6 0.6846666666666666 0.3853333333333333 0.04533333333333333 0.042666666666666665
6 0.7989999999999999 0.382 0.04466666666666667 0.044
3 0.6953333333333334 0.602 0.05466666666666666 0.04533333333333333