1 0.6575000000000001 0.23458333333333334 0.10166666666666667 0.07083333333333333
6 0.4516666666666667 0.22791666666666668 0.09333333333333334 0.060833333333333336
1 0.5408333333333334 0.22333333333333336 0.08333333333333334 0.06833333333333334
2 0.38458333333333333 0.24291666666666667 0.0775 0.0625
6 0.4675 0.5766666666666667 0.06833333333333334 0.07166666666666667
1 0.7820833333333334 0.22083333333333335 0.07250000000000001 0.05
2 0.8525 0.34708333333333335 0.06333333333333334 0.052500000000000005
2 0.8470833333333334 0.2841666666666667 0.052500000000000005 0.05666666666666667
1 0.8420833333333334 0.4904166666666667 0.0775 0.06583333333333334
1 0.7033333333333334 0.5470833333333334 0.07500000000000001 0.0825
5 0.5916666666666667 0.5541666666666667 0.06833333333333334 0.08833333333333333
4 0.7954166666666668 0.535 0.07083333333333333 0.05166666666666667
0 0.3745833333333334 0.6516666666666667 0.11083333333333334 0.09000000000000001
1 0.3579166666666667 0.80625 0.14583333333333334 0.11583333333333334
1 0.3775 0.9408333333333334 0.16666666666666669 0.115
2 0.22 0.125 0.08333333333333334 0.07500000000000001