6 0.5254166666666668 0.7845833333333334 0.09583333333333334 0.10083333333333334
2 0.44125000000000003 0.7954166666666668 0.06583333333333334 0.08416666666666667
1 0.6154166666666667 0.7779166666666667 0.0775 0.12083333333333333
1 0.8450000000000001 0.7795833333333334 0.07500000000000001 0.0825
1 0.7370833333333334 0.7929166666666667 0.09416666666666668 0.07416666666666667
4 0.4066666666666667 0.5633333333333334 0.08 0.09333333333333334
4 0.4779166666666667 0.21250000000000002 0.0825 0.08166666666666667
6 0.6404166666666667 0.21291666666666667 0.0975 0.08750000000000001
2 0.25375000000000003 0.59125 0.0825 0.060833333333333336
2 0.24125000000000002 0.5291666666666667 0.07916666666666668 0.055
2 0.24541666666666667 0.32208333333333333 0.09083333333333334 0.06916666666666667