6 0.7726666666666666 0.328 0.056 0.058666666666666666
6 0.8613333333333333 0.5823333333333333 0.07466666666666666 0.048666666666666664
1 0.9326666666666666 0.5786666666666667 0.06666666666666667 0.05466666666666666
2 0.8076666666666666 0.5943333333333333 0.062 0.049999999999999996
6 0.874 0.8613333333333333 0.05466666666666666 0.05733333333333333
6 0.957 0.13 0.05533333333333333 0.06
4 0.8293333333333333 0.14566666666666667 0.05466666666666666 0.06866666666666667
4 0.768 0.147 0.05733333333333333 0.06066666666666667
2 0.6629999999999999 0.179 0.04466666666666667 0.04066666666666666
2 0.6333333333333333 0.2803333333333333 0.058666666666666666 0.04066666666666666
5 0.9723333333333333 0.8433333333333333 0.05266666666666667 0.07066666666666667
0 0.7996666666666666 0.9213333333333333 0.08866666666666666 0.072
2 0.6759999999999999 0.5 0.06666666666666667 0.06