6 0.5816666666666667 0.08708333333333333 0.05 0.05583333333333334
6 0.65125 0.08416666666666667 0.0425 0.06166666666666667
6 0.7233333333333334 0.08333333333333334 0.05166666666666667 0.06333333333333334
6 0.8320833333333334 0.0775 0.04083333333333333 0.058333333333333334
6 0.905 0.07416666666666667 0.058333333333333334 0.058333333333333334
3 0.5825 0.18250000000000002 0.045000000000000005 0.04666666666666667
3 0.59125 0.35750000000000004 0.0575 0.05666666666666667
2 0.66625 0.3579166666666667 0.0425 0.050833333333333335
1 0.7391666666666667 0.3566666666666667 0.045000000000000005 0.04833333333333334
5 0.9537500000000001 0.5829166666666667 0.05583333333333334 0.060833333333333336
2 0.8366666666666667 0.5883333333333334 0.055 0.06666666666666667
6 0.7133333333333334 0.5850000000000001 0.055 0.058333333333333334