1 0.526 0.08766666666666667 0.08133333333333333 0.056666666666666664
6 0.36133333333333334 0.08233333333333333 0.07466666666666666 0.048666666666666664
1 0.43266666666666664 0.07866666666666666 0.06666666666666667 0.05466666666666666
2 0.30766666666666664 0.09433333333333332 0.062 0.049999999999999996
6 0.374 0.361 0.05466666666666666 0.056666666666666664
1 0.6256666666666666 0.07666666666666666 0.057999999999999996 0.04
6 0.5066666666666666 0.7893333333333333 0.10266666666666667 0.072
1 0.40299999999999997 0.8109999999999999 0.10333333333333333 0.06466666666666666
2 0.6816666666666666 0.17766666666666667 0.049999999999999996 0.041999999999999996
2 0.6773333333333333 0.12733333333333333 0.042666666666666665 0.04533333333333333
1 0.6736666666666666 0.29233333333333333 0.062 0.05266666666666667
1 0.5626666666666666 0.33766666666666667 0.06 0.066
5 0.47333333333333333 0.3433333333333333 0.05466666666666666 0.07066666666666667
4 0.6363333333333333 0.328 0.056666666666666664 0.04133333333333333
0 0.29966666666666664 0.42133333333333334 0.08866666666666666 0.072
1 0.28633333333333333 0.5449999999999999 0.11666666666666667 0.09266666666666666
1 0.302 0.6566666666666666 0.13333333333333333 0.09999999999999999
2 0.7336666666666667 0.837 0.03666666666666667 0.03133333333333333
1 0.6016666666666667 0.7969999999999999 0.08466666666666667 0.06466666666666666
2 0.6873333333333334 0.8033333333333333 0.06799999999999999 0.07066666666666667