4 0.3313333333333333 0.15133333333333332 0.08666666666666667 0.06
6 0.42133333333333334 0.325 0.064 0.066
2 0.35533333333333333 0.3353333333333333 0.06533333333333333 0.064
1 0.6806666666666666 0.32066666666666666 0.07466666666666666 0.064
1 0.4933333333333333 0.313 0.06799999999999999 0.07266666666666667
1 0.6136666666666667 0.581 0.078 0.07666666666666666
2 0.19833333333333333 0.12 0.056666666666666664 0.044
2 0.206 0.175 0.06266666666666666 0.049999999999999996
1 0.5803333333333334 0.33666666666666667 0.06066666666666667 0.05466666666666666
4 0.7086666666666667 0.5616666666666666 0.07333333333333333 0.041999999999999996
1 0.7393333333333333 0.5303333333333333 0.06933333333333333 0.04066666666666666
6 0.388 0.03766666666666667 0.04133333333333333 0.03933333333333333