6 0.58125 0.11875000000000001 0.0625 0.05916666666666667
6 0.6558333333333334 0.11916666666666667 0.06833333333333334 0.065
6 0.7295833333333334 0.11791666666666667 0.06583333333333334 0.0625
6 0.9083333333333334 0.10833333333333334 0.06666666666666667 0.06166666666666667
6 0.8358333333333334 0.10916666666666668 0.05166666666666667 0.060000000000000005
3 0.5858333333333333 0.21791666666666668 0.055 0.035833333333333335
3 0.5941666666666667 0.39208333333333334 0.058333333333333334 0.04916666666666667
6 0.7145833333333333 0.6333333333333334 0.0675 0.08333333333333334
6 0.8391666666666667 0.645 0.06666666666666667 0.10500000000000001
5 0.9554166666666667 0.6320833333333333 0.06583333333333334 0.09416666666666668
2 0.6733333333333333 0.39416666666666667 0.04166666666666667 0.045000000000000005
1 0.7429166666666667 0.39208333333333334 0.03916666666666667 0.04583333333333334