6 0.7526666666666666 0.45499999999999996 0.08933333333333333 0.06333333333333332
4 0.6699999999999999 0.45766666666666667 0.048 0.038
4 0.6113333333333333 0.46166666666666667 0.050666666666666665 0.04066666666666666
4 0.5583333333333333 0.4633333333333333 0.04733333333333333 0.036
6 0.9226666666666666 0.164 0.03733333333333333 0.028
6 0.9656666666666667 0.16266666666666665 0.038 0.026666666666666665
3 0.88 0.16433333333333333 0.03866666666666667 0.022
4 0.838 0.4363333333333333 0.050666666666666665 0.05266666666666667
2 0.593 0.9066666666666666 0.074 0.058666666666666666
1 0.8186666666666667 0.9066666666666666 0.06933333333333333 0.058666666666666666
1 0.7256666666666667 0.8983333333333333 0.07533333333333334 0.07666666666666666
4 0.9216666666666666 0.42666666666666664 0.049999999999999996 0.042666666666666665