4 0.43250000000000005 0.5479166666666667 0.08833333333333333 0.05416666666666667
2 0.5004166666666667 0.5275000000000001 0.07916666666666668 0.05666666666666667
5 0.6833333333333333 0.5229166666666667 0.07833333333333334 0.052500000000000005
2 0.9287500000000001 0.8429166666666668 0.06416666666666668 0.07250000000000001
2 0.9258333333333334 0.7745833333333334 0.065 0.0675
1 0.25916666666666666 0.18208333333333335 0.09666666666666668 0.08083333333333334
2 0.28208333333333335 0.4579166666666667 0.10083333333333334 0.05416666666666667
1 0.8966666666666667 0.5316666666666667 0.08333333333333334 0.10500000000000001
5 0.7904166666666668 0.5366666666666667 0.07083333333333333 0.07666666666666667
6 0.5654166666666667 0.5479166666666667 0.07250000000000001 0.07583333333333334
2 0.9270833333333334 0.9220833333333334 0.0675 0.0775