6 0.95 0.8686666666666666 0.06 0.052
6 0.8923333333333333 0.878 0.046 0.03866666666666667
2 0.894 0.9466666666666667 0.04933333333333333 0.04133333333333333
3 0.8079999999999999 0.9493333333333333 0.05466666666666666 0.042666666666666665
3 0.6903333333333334 0.953 0.046 0.038
3 0.953 0.9446666666666667 0.05933333333333333 0.04133333333333333
4 0.864 0.6903333333333334 0.050666666666666665 0.06066666666666667
6 0.9203333333333333 0.6869999999999999 0.051333333333333335 0.062
4 0.7523333333333333 0.697 0.06866666666666667 0.05933333333333333
1 0.6883333333333334 0.695 0.05266666666666667 0.05533333333333333
3 0.581 0.181 0.033999999999999996 0.024666666666666667
3 0.5736666666666667 0.14433333333333334 0.038 0.024666666666666667
6 0.576 0.21866666666666665 0.04 0.026666666666666665
6 0.581 0.25466666666666665 0.041999999999999996 0.025333333333333333
6 0.572 0.10666666666666666 0.036 0.025333333333333333
4 0.7463333333333333 0.9556666666666667 0.054 0.056666666666666664
6 0.746 0.88 0.04533333333333333 0.034666666666666665
6 0.6846666666666666 0.8853333333333333 0.04533333333333333 0.042666666666666665
6 0.7989999999999999 0.882 0.04466666666666667 0.044