4 0.42133333333333334 0.7959999999999999 0.064 0.05733333333333333
4 0.48733333333333334 0.7506666666666666 0.06533333333333333 0.04533333333333333
4 0.5696666666666667 0.6773333333333333 0.062 0.04533333333333333
4 0.6153333333333333 0.647 0.04933333333333333 0.04066666666666666
4 0.656 0.606 0.05333333333333333 0.044
4 0.6996666666666667 0.5753333333333334 0.05533333333333333 0.05466666666666666
4 0.7396666666666667 0.5336666666666666 0.05933333333333333 0.051333333333333335
4 0.7793333333333333 0.5033333333333333 0.06799999999999999 0.052
4 0.7353333333333333 0.17633333333333331 0.044 0.04066666666666666
4 0.21766666666666665 0.589 0.07533333333333334 0.05533333333333333
4 0.13266666666666665 0.6483333333333333 0.092 0.06466666666666666
0 0.3723333333333333 0.42033333333333334 0.06466666666666666 0.06333333333333332