4 0.30333333333333334 0.19125 0.13333333333333333 0.09250000000000001
4 0.4141666666666667 0.11791666666666667 0.12333333333333334 0.09083333333333334
4 0.9741666666666667 0.09250000000000001 0.04833333333333334 0.07166666666666667
4 0.9504166666666667 0.135 0.0825 0.06833333333333334
4 0.8929166666666667 0.18166666666666667 0.0575 0.058333333333333334
4 0.8400000000000001 0.2275 0.07833333333333334 0.06166666666666667
4 0.7258333333333333 0.3145833333333333 0.10166666666666667 0.0625
4 0.6566666666666667 0.38083333333333336 0.09000000000000001 0.07333333333333333
4 0.31125 0.6766666666666667 0.07250000000000001 0.07333333333333333
4 0.24083333333333334 0.7383333333333334 0.07 0.058333333333333334
6 0.135 0.8266666666666668 0.12666666666666668 0.1