4 0.6713333333333333 0.07033333333333333 0.07733333333333334 0.08066666666666666
2 0.40399999999999997 0.06833333333333333 0.05733333333333333 0.054
4 0.3486666666666667 0.081 0.05466666666666666 0.04733333333333333
4 0.346 0.5383333333333333 0.07066666666666667 0.043333333333333335
2 0.4003333333333333 0.522 0.06333333333333332 0.04533333333333333
5 0.5466666666666666 0.5183333333333333 0.06266666666666666 0.041999999999999996
2 0.743 0.7743333333333333 0.051333333333333335 0.057999999999999996
2 0.7406666666666667 0.7196666666666667 0.052 0.054
1 0.20733333333333331 0.24566666666666667 0.07733333333333334 0.06466666666666666
2 0.22566666666666665 0.4663333333333333 0.08066666666666666 0.043333333333333335
1 0.7173333333333333 0.5253333333333333 0.06666666666666667 0.08399999999999999
5 0.6323333333333333 0.5293333333333333 0.056666666666666664 0.06133333333333333
6 0.4523333333333333 0.5383333333333333 0.057999999999999996 0.06066666666666667
2 0.7416666666666667 0.8376666666666667 0.054 0.062
5 0.47766666666666663 0.07733333333333334 0.078 0.06933333333333333
6 0.564 0.06899999999999999 0.06666666666666667 0.07266666666666667