6 0.3243333333333333 0.421 0.09 0.06733333333333333
4 0.39766666666666667 0.36133333333333334 0.09933333333333333 0.07333333333333333
4 0.6426666666666666 0.153 0.10666666666666666 0.074
4 0.7313333333333333 0.09433333333333332 0.09866666666666667 0.07266666666666667
4 0.9693333333333333 0.25166666666666665 0.058666666666666666 0.049999999999999996
4 0.9253333333333333 0.30466666666666664 0.072 0.058666666666666666
4 0.649 0.5413333333333333 0.057999999999999996 0.058666666666666666
4 0.5926666666666667 0.5906666666666667 0.056 0.04666666666666666
6 0.508 0.6613333333333333 0.10133333333333333 0.08
6 0.43766666666666665 0.725 0.102 0.08066666666666666
6 0.2703333333333333 0.8753333333333333 0.082 0.05466666666666666