3 0.9808333333333334 0.3375 0.035 0.06666666666666667
4 0.6841666666666667 0.3216666666666667 0.055 0.04166666666666667
6 0.5816666666666667 0.5870833333333334 0.05 0.05583333333333334
6 0.65125 0.5841666666666667 0.0425 0.06166666666666667
6 0.7233333333333334 0.5833333333333334 0.05166666666666667 0.06333333333333334
6 0.8320833333333334 0.5775 0.04083333333333333 0.058333333333333334
6 0.905 0.5741666666666667 0.058333333333333334 0.058333333333333334
3 0.5825 0.6825 0.045000000000000005 0.04666666666666667
3 0.59125 0.8575 0.0575 0.05666666666666667
2 0.66625 0.8579166666666668 0.0425 0.050833333333333335
1 0.7391666666666667 0.8566666666666667 0.045000000000000005 0.04833333333333334