6 0.6649999999999999 0.195 0.049999999999999996 0.04733333333333333
6 0.7246666666666667 0.19533333333333333 0.05466666666666666 0.052
6 0.7836666666666666 0.19433333333333333 0.05266666666666667 0.049999999999999996
6 0.9266666666666666 0.18666666666666665 0.05333333333333333 0.04933333333333333
6 0.8686666666666666 0.18733333333333332 0.04133333333333333 0.048
3 0.6686666666666666 0.2743333333333333 0.044 0.028666666666666667
3 0.6753333333333333 0.4136666666666666 0.04666666666666666 0.03933333333333333
6 0.7716666666666666 0.6066666666666667 0.054 0.06666666666666667
6 0.8713333333333333 0.616 0.05333333333333333 0.08399999999999999
5 0.9643333333333333 0.6056666666666667 0.05266666666666667 0.07533333333333334
2 0.7386666666666667 0.41533333333333333 0.03333333333333333 0.036
1 0.7943333333333333 0.4136666666666666 0.03133333333333333 0.03666666666666667