4 0.346 0.038 0.07066666666666667 0.042666666666666665
2 0.4003333333333333 0.022333333333333334 0.06333333333333332 0.04466666666666667
5 0.5466666666666666 0.019666666666666666 0.06266666666666666 0.03933333333333333
2 0.743 0.2743333333333333 0.051333333333333335 0.057999999999999996
2 0.7406666666666667 0.21966666666666665 0.052 0.054
2 0.734 0.813 0.05466666666666666 0.051333333333333335
6 0.8473333333333333 0.903 0.07466666666666666 0.04733333333333333
5 0.6323333333333333 0.03 0.056666666666666664 0.06
6 0.45199999999999996 0.03833333333333333 0.058666666666666666 0.06066666666666667
2 0.726 0.613 0.072 0.06466666666666666
2 0.726 0.6876666666666666 0.06799999999999999 0.05533333333333333
2 0.741 0.8946666666666666 0.05933333333333333 0.052
2 0.7416666666666667 0.33766666666666667 0.054 0.062