1 0.5963333333333333 0.39466666666666667 0.07533333333333334 0.07733333333333334
1 0.411 0.4086666666666667 0.06066666666666667 0.08533333333333333
2 0.283 0.419 0.04733333333333333 0.06333333333333332
1 0.5036666666666666 0.40499999999999997 0.056666666666666664 0.08066666666666666
5 0.44566666666666666 0.6753333333333333 0.057999999999999996 0.06266666666666666
1 0.5363333333333333 0.6676666666666666 0.054 0.078
4 0.6183333333333333 0.6496666666666666 0.06333333333333332 0.056666666666666664
1 0.6516666666666666 0.6163333333333333 0.074 0.05533333333333333
0 0.257 0.7206666666666667 0.082 0.05466666666666666
6 0.41933333333333334 0.8646666666666666 0.058666666666666666 0.08
1 0.24533333333333332 0.895 0.076 0.06866666666666667