0 0.07500000000000001 0.39583333333333337 0.1 0.08333333333333334
4 0.5420833333333334 0.09666666666666668 0.05916666666666667 0.04833333333333334
4 0.8229166666666667 0.27375 0.08083333333333334 0.0675
4 0.9358333333333334 0.20583333333333334 0.08166666666666667 0.07166666666666667
4 0.5720833333333334 0.4929166666666667 0.09083333333333334 0.07916666666666668
4 0.5341666666666667 0.5325000000000001 0.07666666666666667 0.085
4 0.4941666666666667 0.5925 0.08833333333333333 0.07166666666666667
4 0.4504166666666667 0.635 0.0825 0.06833333333333334
4 0.3929166666666667 0.6816666666666668 0.0575 0.058333333333333334
4 0.34 0.7275 0.07833333333333334 0.06166666666666667
4 0.22583333333333336 0.8145833333333334 0.10166666666666667 0.0625
4 0.15666666666666668 0.8808333333333334 0.09000000000000001 0.07333333333333333