2 0.3113333333333333 0.10833333333333332 0.04533333333333333 0.066
6 0.371 0.102 0.056666666666666664 0.07466666666666666
1 0.4413333333333333 0.08566666666666667 0.05466666666666666 0.051333333333333335
1 0.5276666666666666 0.08833333333333333 0.06333333333333332 0.048666666666666664
1 0.623 0.08 0.05933333333333333 0.042666666666666665
5 0.4723333333333333 0.3456666666666667 0.048666666666666664 0.056666666666666664
1 0.282 0.5463333333333333 0.10266666666666667 0.08466666666666667
1 0.28833333333333333 0.6546666666666666 0.10466666666666666 0.08266666666666667
6 0.503 0.8003333333333333 0.08466666666666667 0.078
1 0.5973333333333333 0.8009999999999999 0.08399999999999999 0.07933333333333333
1 0.5653333333333334 0.3406666666666667 0.04666666666666666 0.05333333333333333