6 0.7526666666666666 0.955 0.08933333333333333 0.06333333333333332
4 0.6699999999999999 0.9576666666666667 0.048 0.038
4 0.6113333333333333 0.9616666666666667 0.050666666666666665 0.04066666666666666
4 0.5583333333333333 0.9633333333333333 0.04733333333333333 0.036
1 0.843 0.37166666666666665 0.08466666666666667 0.06866666666666667
6 0.8436666666666667 0.298 0.057999999999999996 0.044
6 0.9226666666666666 0.6639999999999999 0.03733333333333333 0.028
6 0.9656666666666667 0.6626666666666666 0.038 0.026666666666666665
3 0.88 0.6643333333333333 0.03866666666666667 0.022
2 0.8446666666666667 0.47 0.08 0.048
4 0.838 0.9363333333333334 0.050666666666666665 0.05266666666666667
4 0.9216666666666666 0.9266666666666666 0.049999999999999996 0.042666666666666665