3 0.9846666666666666 0.37 0.028 0.05333333333333333
4 0.7473333333333333 0.35733333333333334 0.044 0.03333333333333333
6 0.6653333333333333 0.5696666666666667 0.04 0.04466666666666667
6 0.721 0.5673333333333334 0.033999999999999996 0.04933333333333333
6 0.7786666666666666 0.5666666666666667 0.04133333333333333 0.050666666666666665
6 0.8656666666666666 0.5619999999999999 0.03266666666666666 0.04666666666666666
6 0.9239999999999999 0.5593333333333333 0.04666666666666666 0.04666666666666666
3 0.6659999999999999 0.646 0.036 0.03733333333333333
3 0.6729999999999999 0.7859999999999999 0.046 0.04533333333333333
2 0.733 0.7863333333333333 0.033999999999999996 0.04066666666666666
1 0.7913333333333333 0.7853333333333333 0.036 0.03866666666666667
5 0.963 0.9663333333333333 0.04466666666666667 0.048666666666666664
2 0.8693333333333333 0.9706666666666667 0.044 0.05333333333333333
6 0.7706666666666666 0.968 0.044 0.04666666666666666