3 0.7433333333333334 0.30208333333333337 0.04166666666666667 0.052500000000000005
6 0.8025000000000001 0.30250000000000005 0.05 0.05166666666666667
6 0.3408333333333334 0.91 0.07 0.07333333333333333
2 0.6895833333333333 0.06583333333333334 0.0825 0.06333333333333334
6 0.7025 0.13833333333333334 0.06833333333333334 0.05666666666666667
4 0.7875000000000001 0.6504166666666668 0.06666666666666667 0.09250000000000001
4 0.6820833333333334 0.6579166666666667 0.08583333333333334 0.0825
6 0.57125 0.6625000000000001 0.06916666666666667 0.07500000000000001
4 0.4116666666666667 0.6820833333333334 0.06833333333333334 0.08583333333333334
4 0.335 0.6837500000000001 0.07166666666666667 0.07583333333333334
2 0.20375000000000001 0.72375 0.05583333333333334 0.050833333333333335
2 0.16666666666666669 0.8504166666666667 0.07333333333333333 0.050833333333333335