6 0.5066666666666666 0.28933333333333333 0.10266666666666667 0.072
1 0.40299999999999997 0.311 0.10333333333333333 0.06466666666666666
4 0.6713333333333333 0.5703333333333334 0.07733333333333334 0.08066666666666666
2 0.40399999999999997 0.5683333333333334 0.05733333333333333 0.054
4 0.3486666666666667 0.581 0.05466666666666666 0.04733333333333333
1 0.302 0.15666666666666665 0.13333333333333333 0.09999999999999999
2 0.6786666666666666 0.30333333333333334 0.05333333333333333 0.07333333333333333
1 0.20733333333333331 0.7456666666666666 0.07733333333333334 0.06466666666666666
2 0.22566666666666665 0.9663333333333333 0.08066666666666666 0.043333333333333335
5 0.47766666666666663 0.5773333333333334 0.078 0.06933333333333333
6 0.564 0.569 0.06666666666666667 0.07266666666666667
2 0.7336666666666667 0.33699999999999997 0.03666666666666667 0.03133333333333333
1 0.6016666666666667 0.297 0.08466666666666667 0.06466666666666666