1 0.03333333333333333 0.08766666666666667 0.06666666666666667 0.056666666666666664
1 0.12566666666666665 0.07666666666666666 0.057999999999999996 0.04
6 0.028999999999999998 0.7893333333333333 0.057999999999999996 0.072
2 0.18166666666666667 0.17766666666666667 0.049999999999999996 0.041999999999999996
2 0.17733333333333332 0.12733333333333333 0.042666666666666665 0.04533333333333333
1 0.17366666666666666 0.29233333333333333 0.062 0.05266666666666667
1 0.06266666666666666 0.33766666666666667 0.06 0.066
4 0.13633333333333333 0.328 0.056666666666666664 0.04133333333333333
2 0.23366666666666666 0.837 0.03666666666666667 0.03133333333333333
1 0.10166666666666667 0.7969999999999999 0.08466666666666667 0.06466666666666666
2 0.18733333333333332 0.8033333333333333 0.06799999999999999 0.07066666666666667