6 0.42033333333333334 0.8276666666666667 0.07666666666666666 0.08066666666666666
2 0.353 0.8363333333333333 0.05266666666666667 0.06733333333333333
1 0.4923333333333333 0.8223333333333334 0.062 0.09666666666666666
1 0.6759999999999999 0.8236666666666667 0.06 0.066
1 0.5896666666666667 0.8343333333333333 0.07533333333333334 0.05933333333333333
4 0.3253333333333333 0.6506666666666666 0.064 0.07466666666666666
4 0.3823333333333333 0.37 0.066 0.06533333333333333
6 0.5123333333333333 0.37033333333333335 0.078 0.06999999999999999
2 0.20299999999999999 0.6729999999999999 0.066 0.048666666666666664
2 0.193 0.6233333333333333 0.06333333333333332 0.044
2 0.19633333333333333 0.45766666666666667 0.07266666666666667 0.05533333333333333
3 0.6523333333333333 0.07766666666666666 0.04466666666666667 0.04066666666666666
6 0.71 0.07133333333333333 0.064 0.032