5 0.9529166666666667 0.6183333333333334 0.04916666666666667 0.06666666666666667
2 0.8400000000000001 0.6308333333333334 0.055 0.08
6 0.72375 0.6366666666666667 0.06583333333333334 0.09166666666666667
3 0.5900000000000001 0.21166666666666667 0.04 0.045000000000000005
2 0.6691666666666667 0.3954166666666667 0.03833333333333334 0.04916666666666667
1 0.7358333333333333 0.39333333333333337 0.043333333333333335 0.05166666666666667
3 0.59875 0.39458333333333334 0.050833333333333335 0.052500000000000005
6 0.5804166666666667 0.12083333333333333 0.0325 0.05333333333333334
6 0.64875 0.12166666666666667 0.04083333333333333 0.05666666666666667
6 0.7258333333333333 0.115 0.04 0.05333333333333334
6 0.8333333333333334 0.11125 0.04166666666666667 0.04916666666666667
6 0.9066666666666667 0.10833333333333334 0.04 0.05333333333333334