4 0.09 0.5916666666666667 0.056 0.051333333333333335
4 0.14733333333333332 0.5476666666666666 0.06 0.057999999999999996
4 0.42133333333333334 0.296 0.064 0.05733333333333333
4 0.48733333333333334 0.25066666666666665 0.06533333333333333 0.04533333333333333
4 0.5696666666666667 0.17733333333333332 0.062 0.04533333333333333
4 0.6153333333333333 0.147 0.04933333333333333 0.04066666666666666
4 0.656 0.106 0.05333333333333333 0.044
4 0.6996666666666667 0.07533333333333334 0.05533333333333333 0.05466666666666666
4 0.7396666666666667 0.033666666666666664 0.05933333333333333 0.051333333333333335
4 0.21766666666666665 0.089 0.07533333333333334 0.05533333333333333
4 0.13266666666666665 0.14833333333333332 0.092 0.06466666666666666