4 0.4779166666666667 0.20750000000000002 0.07583333333333334 0.07
6 0.63875 0.20916666666666667 0.07916666666666668 0.07500000000000001
2 0.28125 0.2525 0.07583333333333334 0.06833333333333334
2 0.24208333333333334 0.3175 0.08083333333333334 0.06333333333333334
2 0.24833333333333335 0.52 0.07500000000000001 0.06666666666666667
2 0.25833333333333336 0.5891666666666667 0.085 0.058333333333333334
4 0.41583333333333333 0.5583333333333333 0.05666666666666667 0.07666666666666667
6 0.52125 0.77625 0.052500000000000005 0.08416666666666667
1 0.6175 0.76375 0.06333333333333334 0.09583333333333334
2 0.4491666666666667 0.7870833333333334 0.060000000000000005 0.0825
1 0.7295833333333334 0.7883333333333333 0.052500000000000005 0.07166666666666667
1 0.8454166666666667 0.7679166666666667 0.0575 0.08916666666666667