6 0.537 0.42066666666666663 0.046 0.03866666666666667
6 0.5426666666666666 0.33766666666666667 0.05333333333333333 0.048666666666666664
1 0.5503333333333333 0.5609999999999999 0.057999999999999996 0.041999999999999996
6 0.5476666666666666 0.48466666666666663 0.051333333333333335 0.04
3 0.5946666666666667 0.8416666666666667 0.03333333333333333 0.041999999999999996
6 0.642 0.842 0.04 0.04133333333333333
1 0.5256666666666666 0.036333333333333336 0.049999999999999996 0.03933333333333333
1 0.5293333333333333 0.09 0.05333333333333333 0.04133333333333333
2 0.5353333333333333 0.16866666666666666 0.050666666666666665 0.04533333333333333
2 0.5413333333333333 0.254 0.05333333333333333 0.048
2 0.5516666666666666 0.6526666666666666 0.066 0.050666666666666665
6 0.5619999999999999 0.7103333333333333 0.05466666666666666 0.04466666666666667