1 0.7354166666666667 0.23875000000000002 0.0675 0.06916666666666667
4 0.8141666666666667 0.24750000000000003 0.07666666666666667 0.06833333333333334
4 0.9541666666666667 0.23708333333333334 0.05333333333333334 0.06583333333333334
6 0.7341666666666667 0.48500000000000004 0.043333333333333335 0.06333333333333334
6 0.8066666666666668 0.4804166666666667 0.05 0.05916666666666667
6 0.8741666666666668 0.4783333333333334 0.04666666666666667 0.058333333333333334
6 0.9820833333333334 0.4691666666666667 0.0325 0.05333333333333334
3 0.7395833333333334 0.5645833333333333 0.04583333333333334 0.04416666666666667
4 0.8075000000000001 0.5700000000000001 0.060000000000000005 0.06833333333333334
3 0.8833333333333334 0.5629166666666667 0.04833333333333334 0.052500000000000005
3 0.7475 0.7525000000000001 0.060000000000000005 0.06666666666666667
2 0.8175 0.7508333333333334 0.05166666666666667 0.058333333333333334
1 0.89 0.7466666666666667 0.04833333333333334 0.060000000000000005