1 0.5503333333333333 0.061 0.057999999999999996 0.041999999999999996
3 0.5946666666666667 0.3416666666666667 0.03333333333333333 0.041999999999999996
6 0.642 0.34199999999999997 0.04 0.04133333333333333
6 0.27266666666666667 0.828 0.056 0.058666666666666666
2 0.5516666666666666 0.15266666666666667 0.066 0.050666666666666665
6 0.5619999999999999 0.21066666666666667 0.05466666666666666 0.04533333333333333
4 0.63 0.6203333333333333 0.05333333333333333 0.074
4 0.5456666666666666 0.6263333333333333 0.06866666666666667 0.066
6 0.45699999999999996 0.63 0.05533333333333333 0.06
4 0.3293333333333333 0.6456666666666666 0.05466666666666666 0.06866666666666667
4 0.268 0.647 0.05733333333333333 0.06066666666666667
2 0.163 0.6789999999999999 0.04466666666666667 0.04066666666666666
2 0.13333333333333333 0.7803333333333333 0.058666666666666666 0.04066666666666666