1 0.614 0.5846666666666667 0.08266666666666667 0.07733333333333334
4 0.712 0.5653333333333334 0.07066666666666667 0.052
1 0.736 0.5323333333333333 0.06666666666666667 0.04733333333333333
6 0.42033333333333334 0.32766666666666666 0.07666666666666666 0.08066666666666666
2 0.353 0.3363333333333333 0.05266666666666667 0.06733333333333333
1 0.4923333333333333 0.3223333333333333 0.062 0.09666666666666666
1 0.6759999999999999 0.32366666666666666 0.06 0.066
1 0.5896666666666667 0.3343333333333333 0.07533333333333334 0.05933333333333333
4 0.3253333333333333 0.15066666666666667 0.064 0.07466666666666666
2 0.20299999999999999 0.173 0.066 0.048666666666666664
2 0.193 0.12333333333333332 0.06333333333333332 0.044