2 0.27625 0.26 0.07583333333333334 0.058333333333333334
2 0.24583333333333335 0.3254166666666667 0.07166666666666667 0.0575
4 0.4141666666666667 0.5641666666666667 0.10833333333333334 0.07500000000000001
6 0.5266666666666667 0.78125 0.08 0.0825
2 0.4441666666666667 0.7941666666666667 0.08166666666666667 0.08
1 0.8508333333333334 0.7758333333333334 0.09333333333333334 0.08
1 0.6166666666666667 0.7662500000000001 0.085 0.09083333333333334
4 0.47500000000000003 0.21250000000000002 0.08 0.07833333333333334
6 0.6379166666666667 0.2 0.09916666666666667 0.09833333333333334
2 0.24791666666666667 0.525 0.07083333333333333 0.055
2 0.2575 0.59375 0.07833333333333334 0.0625
1 0.7254166666666667 0.7958333333333334 0.07583333333333334 0.06833333333333334
6 0.48500000000000004 0.42208333333333337 0.05166666666666667 0.04916666666666667