6 0.4675 0.07625 0.06833333333333334 0.07083333333333333
6 0.6333333333333334 0.6116666666666667 0.12833333333333335 0.09000000000000001
1 0.50375 0.63875 0.12916666666666668 0.08083333333333334
4 0.8391666666666667 0.9554166666666667 0.09666666666666668 0.08583333333333334
2 0.5045833333333334 0.9604166666666667 0.07250000000000001 0.0675
4 0.43583333333333335 0.9725 0.06833333333333334 0.05166666666666667
1 0.7033333333333334 0.04708333333333334 0.07500000000000001 0.0825
5 0.5916666666666667 0.05416666666666667 0.06833333333333334 0.08833333333333333
4 0.7954166666666668 0.035 0.07083333333333333 0.05166666666666667
0 0.3745833333333334 0.15166666666666667 0.11083333333333334 0.09000000000000001
1 0.3579166666666667 0.30625 0.14583333333333334 0.11583333333333334
1 0.3775 0.44583333333333336 0.16666666666666669 0.125
5 0.5970833333333334 0.9633333333333334 0.0975 0.07
6 0.7050000000000001 0.9570833333333334 0.08333333333333334 0.0825
2 0.9170833333333334 0.67125 0.04583333333333334 0.03916666666666667
1 0.7520833333333334 0.6212500000000001 0.10583333333333333 0.08083333333333334
2 0.8591666666666667 0.6291666666666667 0.085 0.08833333333333333