6 0.13333333333333333 0.6116666666666667 0.12833333333333335 0.09000000000000001
4 0.33916666666666667 0.9554166666666667 0.09666666666666668 0.08583333333333334
2 0.020416666666666666 0.9604166666666667 0.04083333333333333 0.0675
1 0.20333333333333334 0.04708333333333334 0.07500000000000001 0.0825
5 0.09166666666666667 0.05416666666666667 0.06833333333333334 0.08833333333333333
4 0.29541666666666666 0.035 0.07083333333333333 0.05166666666666667
2 0.34833333333333333 0.6291666666666667 0.06666666666666667 0.09166666666666667
5 0.09708333333333334 0.9633333333333334 0.0975 0.07
6 0.20500000000000002 0.9570833333333334 0.08333333333333334 0.0825
2 0.41708333333333336 0.67125 0.04583333333333334 0.03916666666666667
1 0.2520833333333333 0.6212500000000001 0.10583333333333333 0.08083333333333334