5 0.44566666666666666 0.17533333333333334 0.057999999999999996 0.06266666666666666
1 0.5363333333333333 0.16766666666666666 0.054 0.078
4 0.6183333333333333 0.14966666666666667 0.06333333333333332 0.056666666666666664
1 0.6516666666666666 0.11633333333333333 0.074 0.05533333333333333
0 0.257 0.22066666666666665 0.082 0.05466666666666666
6 0.41933333333333334 0.36466666666666664 0.058666666666666666 0.08
1 0.24533333333333332 0.39499999999999996 0.076 0.06866666666666667
5 0.45766666666666667 0.891 0.056666666666666664 0.08066666666666666
4 0.32466666666666666 0.8813333333333333 0.052 0.07066666666666667
6 0.5466666666666666 0.8853333333333333 0.058666666666666666 0.07733333333333334
4 0.6193333333333333 0.8643333333333333 0.04533333333333333 0.05933333333333333