6 0.27266666666666667 0.328 0.056 0.058666666666666666
1 0.526 0.5876666666666667 0.08133333333333333 0.056666666666666664
6 0.36133333333333334 0.5823333333333333 0.07466666666666666 0.048666666666666664
1 0.43266666666666664 0.5786666666666667 0.06666666666666667 0.05466666666666666
2 0.30766666666666664 0.5943333333333333 0.062 0.049999999999999996
6 0.374 0.8613333333333333 0.05466666666666666 0.05733333333333333
1 0.6256666666666666 0.5766666666666667 0.057999999999999996 0.04
2 0.6819999999999999 0.6776666666666666 0.050666666666666665 0.041999999999999996
4 0.63 0.12033333333333333 0.05333333333333333 0.074
4 0.5456666666666666 0.12633333333333333 0.06866666666666667 0.066
6 0.45699999999999996 0.13 0.05533333333333333 0.06
4 0.3293333333333333 0.14566666666666667 0.05466666666666666 0.06866666666666667
4 0.268 0.147 0.05733333333333333 0.06066666666666667
2 0.163 0.179 0.04466666666666667 0.04066666666666666
2 0.13333333333333333 0.2803333333333333 0.058666666666666666 0.04066666666666666
2 0.6776666666666666 0.6273333333333333 0.041999999999999996 0.04533333333333333
1 0.6736666666666666 0.7923333333333333 0.062 0.05266666666666667
1 0.5626666666666666 0.8376666666666667 0.06 0.066
5 0.47333333333333333 0.8433333333333333 0.05466666666666666 0.07066666666666667
4 0.6363333333333333 0.828 0.056666666666666664 0.04133333333333333
0 0.29966666666666664 0.9213333333333333 0.08866666666666666 0.072
2 0.176 0.5 0.06666666666666667 0.06