3 0.6719999999999999 0.7693333333333333 0.032 0.036
2 0.7353333333333333 0.9163333333333333 0.030666666666666665 0.03933333333333333
1 0.7886666666666666 0.9146666666666666 0.034666666666666665 0.04133333333333333
3 0.6789999999999999 0.9156666666666666 0.04066666666666666 0.041999999999999996
6 0.6643333333333333 0.6966666666666667 0.026 0.042666666666666665
6 0.719 0.6973333333333334 0.03266666666666666 0.04533333333333333
6 0.7806666666666666 0.692 0.032 0.042666666666666665
6 0.8666666666666666 0.689 0.03333333333333333 0.03933333333333333
6 0.9253333333333333 0.6866666666666666 0.032 0.042666666666666665
3 0.985 0.49766666666666665 0.02733333333333333 0.051333333333333335
6 0.5533333333333333 0.029666666666666664 0.03733333333333333 0.026