6 0.12125000000000001 0.8233333333333334 0.11750000000000001 0.10333333333333335
4 0.23750000000000002 0.7395833333333334 0.07 0.06416666666666668
4 0.3091666666666667 0.6845833333333334 0.07500000000000001 0.07250000000000001
4 0.6516666666666667 0.37000000000000005 0.08 0.07166666666666667
4 0.7341666666666667 0.31333333333333335 0.08166666666666667 0.05666666666666667
4 0.8370833333333334 0.22166666666666668 0.0775 0.05666666666666667
4 0.8941666666666668 0.18375000000000002 0.06166666666666667 0.050833333333333335
4 0.9450000000000001 0.1325 0.06666666666666667 0.055
4 0.9816666666666667 0.09416666666666668 0.03333333333333333 0.06833333333333334
4 0.39708333333333334 0.11125 0.09416666666666668 0.06916666666666667
4 0.29083333333333333 0.18541666666666667 0.115 0.08083333333333334