5 0.04666666666666666 0.019666666666666666 0.06266666666666666 0.03933333333333333
2 0.243 0.2743333333333333 0.051333333333333335 0.057999999999999996
2 0.24066666666666667 0.21966666666666665 0.052 0.054
2 0.23399999999999999 0.813 0.05466666666666666 0.051333333333333335
6 0.3473333333333333 0.903 0.07466666666666666 0.04733333333333333
1 0.21733333333333332 0.033666666666666664 0.06666666666666667 0.06733333333333333
5 0.13233333333333333 0.03 0.056666666666666664 0.06
2 0.22599999999999998 0.613 0.072 0.06466666666666666
2 0.22599999999999998 0.6876666666666666 0.06799999999999999 0.05533333333333333
2 0.241 0.8946666666666666 0.05933333333333333 0.052
2 0.24166666666666667 0.33766666666666667 0.054 0.062