2 0.3113333333333333 0.6083333333333333 0.04533333333333333 0.066
6 0.371 0.602 0.056666666666666664 0.07466666666666666
1 0.4413333333333333 0.5856666666666667 0.05466666666666666 0.051333333333333335
1 0.5276666666666666 0.5883333333333333 0.06333333333333332 0.048666666666666664
6 0.2733333333333333 0.329 0.04533333333333333 0.057999999999999996
4 0.6323333333333333 0.12333333333333332 0.051333333333333335 0.07466666666666666
4 0.5459999999999999 0.12933333333333333 0.048 0.06
4 0.26666666666666666 0.14866666666666667 0.05733333333333333 0.056
4 0.32566666666666666 0.146 0.05533333333333333 0.056
2 0.135 0.2813333333333333 0.057999999999999996 0.03866666666666667
1 0.623 0.58 0.05933333333333333 0.042666666666666665
5 0.4723333333333333 0.8456666666666667 0.048666666666666664 0.056666666666666664
6 0.4573333333333333 0.131 0.04933333333333333 0.054
1 0.5653333333333334 0.8406666666666667 0.04666666666666666 0.05333333333333333