6 0.6649999999999999 0.695 0.049999999999999996 0.04733333333333333
6 0.7246666666666667 0.6953333333333334 0.05466666666666666 0.052
6 0.7836666666666666 0.6943333333333334 0.05266666666666667 0.049999999999999996
6 0.9266666666666666 0.6866666666666666 0.05333333333333333 0.04933333333333333
6 0.8686666666666666 0.6873333333333334 0.04133333333333333 0.048
3 0.6686666666666666 0.7743333333333333 0.044 0.028666666666666667
3 0.6753333333333333 0.9136666666666666 0.04666666666666666 0.03933333333333333
3 0.5519999999999999 0.027666666666666666 0.036 0.020666666666666667
3 0.9846666666666666 0.4993333333333333 0.028 0.05733333333333333
2 0.7386666666666667 0.9153333333333333 0.03333333333333333 0.036
1 0.7943333333333333 0.9136666666666666 0.03133333333333333 0.03666666666666667