1 0.7675000000000001 0.6058333333333333 0.10333333333333335 0.09666666666666668
4 0.89 0.5816666666666667 0.08833333333333333 0.065
1 0.92 0.5404166666666667 0.08333333333333334 0.05916666666666667
6 0.5254166666666668 0.28458333333333335 0.09583333333333334 0.10083333333333334
2 0.44125000000000003 0.29541666666666666 0.06583333333333334 0.08416666666666667
1 0.6154166666666667 0.2779166666666667 0.0775 0.12083333333333333
1 0.8450000000000001 0.27958333333333335 0.07500000000000001 0.0825
1 0.7370833333333334 0.29291666666666666 0.09416666666666668 0.07416666666666667
4 0.4066666666666667 0.06333333333333334 0.08 0.09333333333333334
2 0.25375000000000003 0.09125000000000001 0.0825 0.060833333333333336
2 0.24125000000000002 0.029166666666666667 0.07916666666666668 0.055