2 0.6936666666666667 0.5593333333333333 0.03 0.032
2 0.689 0.481 0.041999999999999996 0.024666666666666667
5 0.6393333333333333 0.027666666666666666 0.05466666666666666 0.051333333333333335
4 0.34833333333333333 0.04 0.056666666666666664 0.044
2 0.4043333333333333 0.025333333333333333 0.051333333333333335 0.048
6 0.45566666666666666 0.03666666666666667 0.043333333333333335 0.050666666666666665
5 0.5436666666666666 0.028 0.049999999999999996 0.052
1 0.729 0.029333333333333333 0.066 0.058666666666666666
2 0.697 0.6316666666666666 0.051333333333333335 0.04466666666666667
2 0.7006666666666667 0.7176666666666667 0.036 0.03666666666666667
2 0.7333333333333333 0.8993333333333333 0.05333333333333333 0.044
6 0.8446666666666667 0.9076666666666666 0.06133333333333333 0.051333333333333335