6 0.5658333333333334 0.06875 0.11166666666666668 0.07916666666666668
4 0.4625 0.07208333333333333 0.060000000000000005 0.0475
4 0.3891666666666667 0.07708333333333334 0.06333333333333334 0.050833333333333335
4 0.3229166666666667 0.07916666666666668 0.05916666666666667 0.045000000000000005
1 0.5816666666666667 0.9637500000000001 0.08833333333333333 0.06916666666666667
4 0.6929166666666667 0.9600000000000001 0.09583333333333334 0.07666666666666667
4 0.6725000000000001 0.04541666666666667 0.06333333333333334 0.06583333333333334
2 0.36625 0.6333333333333334 0.09250000000000001 0.07333333333333333
1 0.6483333333333334 0.6333333333333334 0.08666666666666667 0.07333333333333333
1 0.5320833333333334 0.6229166666666667 0.09416666666666668 0.09583333333333334
1 0.8029166666666667 0.9437500000000001 0.07416666666666667 0.06916666666666667
4 0.7770833333333333 0.03333333333333333 0.0625 0.05333333333333334