1 0.6204166666666667 0.36833333333333335 0.09416666666666668 0.09666666666666668
1 0.38875000000000004 0.38583333333333336 0.07583333333333334 0.10666666666666667
2 0.22875 0.39875000000000005 0.05916666666666667 0.07916666666666668
1 0.5045833333333334 0.38125000000000003 0.07083333333333333 0.10083333333333334
5 0.4320833333333334 0.7191666666666667 0.07250000000000001 0.07833333333333334
1 0.5454166666666667 0.7095833333333333 0.0675 0.0975
4 0.6479166666666667 0.6870833333333334 0.07916666666666668 0.07083333333333333
1 0.6895833333333333 0.6454166666666667 0.09250000000000001 0.06916666666666667
0 0.19625 0.7758333333333334 0.10250000000000001 0.06833333333333334
6 0.39916666666666667 0.9520833333333334 0.07333333333333333 0.09250000000000001
1 0.18166666666666667 0.9745833333333334 0.095 0.0475