1 0.6883333333333334 0.191 0.054 0.05533333333333333
4 0.7513333333333333 0.19799999999999998 0.06133333333333333 0.05466666666666666
4 0.8633333333333333 0.18966666666666665 0.042666666666666665 0.05266666666666667
6 0.9209999999999999 0.18866666666666665 0.05266666666666667 0.05333333333333333
6 0.6873333333333334 0.388 0.034666666666666665 0.050666666666666665
6 0.7453333333333333 0.3843333333333333 0.04 0.04733333333333333
6 0.7993333333333333 0.38266666666666665 0.03733333333333333 0.04666666666666666
6 0.891 0.3753333333333333 0.03666666666666667 0.042666666666666665
6 0.9473333333333332 0.373 0.050666666666666665 0.048666666666666664
3 0.6916666666666667 0.45166666666666666 0.03666666666666667 0.035333333333333335
4 0.746 0.45599999999999996 0.048 0.05466666666666666
3 0.8066666666666666 0.4503333333333333 0.03866666666666667 0.041999999999999996
2 0.8956666666666666 0.44666666666666666 0.051333333333333335 0.044
3 0.954 0.445 0.04133333333333333 0.04066666666666666
3 0.698 0.602 0.048 0.05333333333333333
2 0.754 0.6006666666666667 0.04133333333333333 0.04666666666666666
1 0.8119999999999999 0.5973333333333333 0.03866666666666667 0.048
6 0.9016666666666666 0.5856666666666667 0.05266666666666667 0.049999999999999996
2 0.958 0.58 0.05333333333333333 0.048
6 0.8043333333333333 0.7979999999999999 0.06733333333333333 0.07733333333333334
2 0.9006666666666666 0.7953333333333333 0.076 0.06666666666666667