5 0.9623333333333333 0.5946666666666667 0.03933333333333333 0.05333333333333333
2 0.872 0.6046666666666667 0.044 0.064
6 0.779 0.6093333333333333 0.05266666666666667 0.07333333333333333
3 0.6719999999999999 0.2693333333333333 0.032 0.036
2 0.7353333333333333 0.41633333333333333 0.030666666666666665 0.03933333333333333
1 0.7886666666666666 0.41466666666666663 0.034666666666666665 0.04133333333333333
3 0.6789999999999999 0.41566666666666663 0.04066666666666666 0.041999999999999996
6 0.6643333333333333 0.19666666666666666 0.026 0.042666666666666665
6 0.719 0.19733333333333333 0.03266666666666666 0.04533333333333333
6 0.7806666666666666 0.192 0.032 0.042666666666666665
6 0.8666666666666666 0.189 0.03333333333333333 0.03933333333333333
6 0.9253333333333333 0.18666666666666665 0.032 0.042666666666666665