4 0.15166666666666667 0.8700000000000001 0.08 0.07166666666666667
4 0.2341666666666667 0.8133333333333334 0.08166666666666667 0.05666666666666667
4 0.33708333333333335 0.7216666666666667 0.0775 0.05666666666666667
4 0.39416666666666667 0.6837500000000001 0.06166666666666667 0.050833333333333335
4 0.445 0.6325000000000001 0.06666666666666667 0.055
4 0.4995833333333334 0.5941666666666667 0.06916666666666667 0.06833333333333334
4 0.5495833333333334 0.5420833333333334 0.07416666666666667 0.06416666666666668
4 0.5991666666666667 0.5041666666666667 0.085 0.065
4 0.5441666666666667 0.09541666666666668 0.055 0.050833333333333335
4 0.925 0.20625000000000002 0.07166666666666667 0.05916666666666667
0 0.09041666666666667 0.4004166666666667 0.08083333333333334 0.07916666666666668