4 0.3823333333333333 0.266 0.06066666666666667 0.056
6 0.511 0.2673333333333333 0.06333333333333332 0.06
2 0.225 0.302 0.06066666666666667 0.05466666666666666
2 0.19366666666666665 0.354 0.06466666666666666 0.050666666666666665
2 0.19866666666666666 0.516 0.06 0.05333333333333333
2 0.20666666666666667 0.5713333333333334 0.06799999999999999 0.04666666666666666
4 0.33266666666666667 0.5466666666666666 0.04533333333333333 0.06133333333333333
6 0.417 0.721 0.041999999999999996 0.06733333333333333
1 0.494 0.711 0.050666666666666665 0.07666666666666666
2 0.35933333333333334 0.7296666666666667 0.048 0.066
1 0.5836666666666667 0.7306666666666667 0.041999999999999996 0.05733333333333333
1 0.6763333333333333 0.7143333333333333 0.046 0.07133333333333333
4 0.712 0.9543333333333333 0.076 0.041999999999999996
1 0.6166666666666667 0.971 0.06266666666666666 0.05533333333333333
1 0.7363333333333333 0.9269999999999999 0.062 0.04066666666666666