2 0.8175 0.7462500000000001 0.06666666666666667 0.04583333333333334
1 0.8883333333333334 0.745 0.05666666666666667 0.04833333333333334
3 0.885 0.5616666666666666 0.06833333333333334 0.05333333333333334
3 0.7379166666666667 0.56625 0.0575 0.0475
4 0.9550000000000001 0.2379166666666667 0.06333333333333334 0.07583333333333334
4 0.8154166666666667 0.24583333333333335 0.08583333333333334 0.07500000000000001
1 0.7354166666666667 0.24291666666666667 0.06583333333333334 0.06916666666666667
4 0.8079166666666667 0.5695833333333333 0.0675 0.07083333333333333
6 0.8745833333333334 0.9750000000000001 0.06916666666666667 0.04666666666666667
6 0.8075000000000001 0.47500000000000003 0.05666666666666667 0.043333333333333335
6 0.7308333333333333 0.4816666666666667 0.05666666666666667 0.05333333333333334
6 0.87375 0.47750000000000004 0.05583333333333334 0.055
3 0.7441666666666668 0.7525000000000001 0.06833333333333334 0.05666666666666667