6 0.25266666666666665 0.955 0.08933333333333333 0.06333333333333332
4 0.16999999999999998 0.9576666666666667 0.048 0.038
4 0.11133333333333333 0.9616666666666667 0.050666666666666665 0.04066666666666666
4 0.058333333333333334 0.9633333333333333 0.04733333333333333 0.036
1 0.34299999999999997 0.37166666666666665 0.08466666666666667 0.06866666666666667
6 0.3436666666666667 0.298 0.057999999999999996 0.044
6 0.42266666666666663 0.6639999999999999 0.03733333333333333 0.028
6 0.4656666666666667 0.6626666666666666 0.038 0.026666666666666665
3 0.38 0.6643333333333333 0.03866666666666667 0.022
2 0.3446666666666667 0.47 0.08 0.048
4 0.33799999999999997 0.9363333333333334 0.050666666666666665 0.05266666666666667
4 0.42166666666666663 0.9266666666666666 0.049999999999999996 0.042666666666666665