4 0.14266666666666666 0.653 0.10666666666666666 0.074
4 0.23133333333333334 0.5943333333333333 0.09866666666666667 0.07266666666666667
0 0.36 0.41666666666666663 0.08 0.06666666666666667
4 0.7336666666666667 0.17733333333333332 0.04733333333333333 0.03866666666666667
4 0.9583333333333333 0.319 0.06466666666666666 0.054
4 0.7576666666666666 0.4943333333333333 0.07266666666666667 0.06333333333333332
4 0.7273333333333333 0.526 0.06133333333333333 0.06799999999999999
4 0.6953333333333334 0.574 0.07066666666666667 0.05733333333333333
4 0.6603333333333333 0.608 0.066 0.05466666666666666
4 0.6143333333333333 0.6453333333333333 0.046 0.04666666666666666
4 0.572 0.6819999999999999 0.06266666666666666 0.04933333333333333
4 0.48066666666666663 0.7516666666666666 0.08133333333333333 0.049999999999999996
4 0.42533333333333334 0.8046666666666666 0.072 0.058666666666666666