2 0.689 0.981 0.041999999999999996 0.024666666666666667
5 0.6393333333333333 0.5276666666666666 0.05466666666666666 0.051333333333333335
4 0.6719999999999999 0.07066666666666667 0.076 0.07333333333333333
6 0.5656666666666667 0.07133333333333333 0.07533333333333334 0.072
5 0.475 0.07366666666666666 0.057999999999999996 0.086
2 0.40499999999999997 0.05933333333333333 0.048666666666666664 0.06133333333333333
2 0.223 0.46499999999999997 0.05533333333333333 0.04733333333333333
4 0.34833333333333333 0.54 0.056666666666666664 0.044
2 0.4043333333333333 0.5253333333333333 0.051333333333333335 0.048
6 0.45566666666666666 0.5366666666666666 0.043333333333333335 0.050666666666666665
5 0.5436666666666666 0.528 0.049999999999999996 0.052
1 0.729 0.525 0.066 0.06733333333333333